10
0.27905168543320047 0.5370565868847836 0.7897179618819528 0.20548364442264433 0.21470589814574237 0.17882429580951997 0.7776347494326945 0.25805172202650783 0.2824443496355409 0.013649983556228817 
0.0 -1.4648670972847078 -1.7375576602674405 -0.19176537127706017 -0.2405176170761154 -0.31589906640649856 -1.6553854232005085 0.09992537087831499 0.14032690676805049 0.9022338894677752 
0.0 0.0 -1.2672855806068564 -0.3550805481279846 -0.24671978131509828 -0.18398072620020642 -0.415981538081255 -0.4812999869084826 -0.4852542091079124 0.8522966662862408 
0.0 0.0 0.0 -3.7023166783445305E-6 0.14999986919011704 0.09711349084514553 0.37785724323758824 0.5426428217001159 0.3304283838404576 0.9981563065201866 
0.0 0.0 0.0 0.3471363158931554 -0.17844708875288093 -0.14812290153249572 0.242082663326656 -0.41641070534852004 -0.16025795102613036 0.898635171637471 
0.0 0.0 0.0 0.35787658937428013 0.0388696398293641 0.1558619345958676 -0.04697501350262927 -0.46057901985747113 -0.5834131406709322 -0.20675446576884124 
0.0 0.0 5.551115123125783E-17 0.6264494986410106 0.2654263880427023 -0.015591350028038575 -0.22691458779912038 0.529994907472834 0.4228654374069293 0.8306286223557854 
0.0 0.0 0.0 0.45984342132058414 0.43872635145511346 0.6974576167933358 -0.11736687877870083 0.07870745724976805 0.05511633670943605 0.7174023376417422 
0.0 0.0 0.0 0.32272869390130166 0.06513866499164894 0.3132549357705927 0.012880481892019041 -0.20787628912727374 -0.5998696058567516 0.2132544152099529 
0.0 0.0 0.0 0.06595405202866816 0.30697819971317136 0.63575840190925 -0.47795346481268103 -0.10100861509488734 0.3817703884038692 0.6053752188441189 
0.9921957147957259 0.6993928105680993 0.8544060456191988 0.30909440962539625 0.34469938673109846 0.7018337540808326 0.5596336277792586 0.26715114022064645 0.8983434662339075 0.26017685106188504 
